602183741
604052002
606052031
608140046
611143347
616220901
617222654
620133921
621163338
621190938
624161026
628112714
629214509
630094933
704115134
706005814
712201738
716033822
721073546
722010527
723202809
725121621
804031856
806112256
809215156
822155251
826025612
828230749
904055638
905060034
906020251
907151934
911094557
914100155
915085515
918163024
921010603
921061632
924172212
1001072246
1005132229
1006210715
1009005124
1009103224
1021081233
1024234022
1026005310
1027162018
1028013732
1028051503
